id	type	dpos	diag
1	122	3	1
2	397	3	1
3	398	4	1
4	441	4	1
5	680	2	1
6	711	4	1
7	711	5	1
8	122	3	2
9	194	4	2
10	441	4	2
11	680	2	2
12	122	3	3
13	375	4	3
14	680	2	3
15	122	3	4
16	395	4	4
17	395	7	4
18	397	3	4
19	441	4	4
20	45	4	4
21	455	4	4
22	480	5	4
23	484	3	4
24	48	5	4
25	496	3	4
26	575	6	4
27	657	6	4
28	657	7	4
29	657	9	4
30	678	4	4
31	680	2	4
32	682	3	4
33	703	5	4
34	703	6	4
35	711	4	4
36	711	5	4
37	724	5	4
38	724	7	4
39	730	6	4
40	731	4	4
41	93	5	4
42	93	6	4
43	93	8	4
44	122	3	5
45	441	4	5
46	45	4	5
47	480	5	5
48	484	3	5
49	48	5	5
50	568	4	5
51	569	4	5
52	569	5	5
53	569	6	5
54	644	3	5
55	680	2	5
56	682	3	5
57	720	5	5
58	720	6	5
59	721	5	5
60	721	6	5
61	721	7	5
62	727	4	5
63	727	5	5
64	730	6	5
65	731	4	5
66	122	3	6
67	395	4	6
68	395	7	6
69	397	3	6
70	441	4	6
71	45	4	6
72	480	5	6
73	484	3	6
74	48	5	6
75	490	3	6
76	575	6	6
77	680	2	6
78	682	3	6
79	711	4	6
80	711	5	6
81	724	5	6
82	724	7	6
83	730	6	6
84	731	4	6
85	93	5	6
86	93	6	6
87	93	8	6
88	122	3	7
89	326	5	7
90	326	6	7
91	387	4	7
92	397	3	7
93	401	3	7
94	441	4	7
95	469	4	7
96	469	5	7
97	472	3	7
98	680	2	7
99	684	4	7
100	709	5	7
101	709	6	7
102	709	7	7
103	711	4	7
104	711	5	7
105	718	4	7
106	718	5	7
107	726	5	7
108	728	4	7
109	728	6	7
110	122	3	8
111	441	4	8
112	644	3	8
113	680	2	8
114	727	4	8
115	727	5	8
116	122	3	9
117	230	6	9
118	230	7	9
119	251	6	9
120	251	7	9
121	251	8	9
122	251	9	9
123	326	5	9
124	326	6	9
125	340	5	9
126	387	4	9
127	395	4	9
128	395	7	9
129	397	3	9
130	441	4	9
131	45	4	9
132	480	5	9
133	484	3	9
134	48	5	9
135	532	4	9
136	532	5	9
137	575	6	9
138	657	6	9
139	657	7	9
140	657	9	9
141	680	2	9
142	682	3	9
143	70	5	9
144	70	6	9
145	70	7	9
146	70	8	9
147	711	4	9
148	711	5	9
149	724	5	9
150	724	7	9
151	730	6	9
152	731	4	9
153	739	10	9
154	739	7	9
155	739	8	9
156	739	9	9
157	93	5	9
158	93	6	9
159	93	8	9
160	122	3	10
161	194	4	10
162	21	4	10
163	22	5	10
164	26	6	10
165	632	3	10
166	680	2	10
167	122	3	11
168	680	2	11
169	122	3	12
170	304	5	12
171	307	4	12
172	441	4	12
173	456	6	12
174	456	7	12
175	484	3	12
176	664	6	12
177	665	5	12
178	680	2	12
179	729	5	12
180	729	6	12
181	731	4	12
182	122	3	13
183	468	3	13
184	680	2	13
185	122	3	14
186	406	4	14
187	441	4	14
188	45	4	14
189	480	5	14
190	484	3	14
191	48	5	14
192	568	4	14
193	569	4	14
194	569	5	14
195	569	6	14
196	644	3	14
197	680	2	14
198	682	3	14
199	720	5	14
200	720	6	14
201	721	5	14
202	721	6	14
203	721	7	14
204	727	4	14
205	727	5	14
206	730	6	14
207	731	4	14
208	122	3	15
209	270	5	15
210	270	6	15
211	270	7	15
212	270	8	15
213	328	5	15
214	375	4	15
215	401	3	15
216	408	4	15
217	441	4	15
218	469	4	15
219	469	5	15
220	472	3	15
221	490	3	15
222	680	2	15
223	684	4	15
224	709	5	15
225	709	6	15
226	709	7	15
227	718	4	15
228	718	5	15
229	726	5	15
230	728	4	15
231	728	6	15
232	122	3	16
233	29	7	16
234	29	8	16
235	304	5	16
236	307	4	16
237	388	4	16
238	388	7	16
239	389	4	16
240	389	6	16
241	39	5	16
242	441	4	16
243	456	6	16
244	456	7	16
245	484	3	16
246	490	3	16
247	664	6	16
248	665	5	16
249	680	2	16
250	682	3	16
251	705	6	16
252	729	5	16
253	729	6	16
254	731	4	16
255	122	3	17
256	270	5	17
257	270	6	17
258	270	7	17
259	270	8	17
260	375	4	17
261	401	3	17
262	441	4	17
263	469	4	17
264	469	5	17
265	472	3	17
266	680	2	17
267	684	4	17
268	709	5	17
269	709	6	17
270	709	7	17
271	718	4	17
272	718	5	17
273	726	5	17
274	728	4	17
275	728	6	17
276	122	3	18
277	441	4	18
278	563	4	18
279	589	3	18
280	680	2	18
281	694	4	18
282	694	5	18
283	122	3	19
284	441	4	19
285	472	3	19
286	477	4	19
287	680	2	19
288	105	6	20
289	462	5	20
290	577	4	20
291	578	3	20
292	680	2	20
293	122	3	22
294	441	4	22
295	680	2	22
296	750	5	22
297	122	3	23
298	379	2	23
299	53	5	23
300	585	4	23
301	586	3	23
302	680	2	23
303	122	3	24
304	304	5	24
305	307	4	24
306	389	4	24
307	389	6	24
308	39	5	24
309	433	3	24
310	441	4	24
311	470	4	24
312	470	5	24
313	484	3	24
314	494	4	24
315	680	2	24
316	682	3	24
317	705	6	24
318	714	5	24
319	714	6	24
320	715	4	24
321	715	5	24
322	716	5	24
323	716	6	24
324	717	5	24
325	717	6	24
326	717	7	24
327	731	4	24
328	732	6	24
329	732	7	24
330	733	6	24
331	733	7	24
332	733	8	24
333	122	3	25
334	680	2	25
335	122	3	26
336	313	5	26
337	397	3	26
338	441	4	26
339	455	4	26
340	496	3	26
341	678	4	26
342	680	2	26
343	703	5	26
344	703	6	26
345	711	4	26
346	711	5	26
347	122	3	27
348	194	4	27
349	445	5	27
350	680	2	27
351	379	2	28
352	53	5	28
353	585	4	28
354	586	3	28
355	99	6	28
356	122	3	29
357	313	5	29
358	397	3	29
359	441	4	29
360	45	4	29
361	455	4	29
362	480	5	29
363	484	3	29
364	48	5	29
365	496	3	29
366	678	4	29
367	680	2	29
368	703	5	29
369	703	6	29
370	711	4	29
371	711	5	29
372	730	6	29
373	731	4	29
374	122	3	30
375	401	3	30
376	441	4	30
377	469	4	30
378	469	5	30
379	472	3	30
380	615	3	30
381	649	4	30
382	680	2	30
383	684	4	30
384	709	5	30
385	709	6	30
386	709	7	30
387	718	4	30
388	718	5	30
389	726	5	30
390	728	4	30
391	728	6	30
392	83	5	30
393	83	6	30
394	122	3	31
395	395	4	31
396	395	7	31
397	397	3	31
398	441	4	31
399	45	4	31
400	480	5	31
401	484	3	31
402	48	5	31
403	575	6	31
404	680	2	31
405	682	3	31
406	711	4	31
407	711	5	31
408	724	5	31
409	724	7	31
410	730	6	31
411	731	4	31
412	93	5	31
413	93	6	31
414	93	8	31
415	122	3	32
416	29	7	32
417	29	8	32
418	304	5	32
419	307	4	32
420	388	4	32
421	388	7	32
422	389	4	32
423	389	6	32
424	39	5	32
425	406	4	32
426	441	4	32
427	456	6	32
428	456	7	32
429	484	3	32
430	490	3	32
431	664	6	32
432	665	5	32
433	680	2	32
434	682	3	32
435	705	6	32
436	729	5	32
437	729	6	32
438	731	4	32
439	122	3	33
440	379	2	33
441	53	5	33
442	585	4	33
443	586	3	33
444	680	2	33
445	99	6	33
446	122	3	34
447	304	5	34
448	307	4	34
449	389	4	34
450	389	6	34
451	39	5	34
452	433	3	34
453	441	4	34
454	484	3	34
455	567	4	34
456	567	5	34
457	567	7	34
458	680	2	34
459	682	3	34
460	705	6	34
461	714	5	34
462	714	6	34
463	715	4	34
464	715	5	34
465	731	4	34
466	75	5	34
467	75	6	34
468	75	7	34
469	75	8	34
470	122	3	35
471	397	3	35
472	441	4	35
473	680	2	35
474	711	4	35
475	711	5	35
476	122	3	36
477	375	4	36
478	680	2	36
479	122	3	37
480	194	4	37
481	21	4	37
482	22	5	37
483	26	6	37
484	632	3	37
485	680	2	37
486	122	3	38
487	375	4	38
488	680	2	38
489	122	3	39
490	378	3	39
491	671	4	39
492	680	2	39
493	122	3	40
494	397	3	40
495	441	4	40
496	455	4	40
497	496	3	40
498	678	4	40
499	680	2	40
500	703	5	40
501	703	6	40
502	711	4	40
503	711	5	40
504	122	3	41
505	304	5	41
506	307	4	41
507	389	4	41
508	389	6	41
509	39	5	41
510	406	4	41
511	433	3	41
512	441	4	41
513	484	3	41
514	567	4	41
515	567	5	41
516	567	7	41
517	680	2	41
518	682	3	41
519	705	6	41
520	714	5	41
521	714	6	41
522	715	4	41
523	715	5	41
524	731	4	41
525	75	5	41
526	75	6	41
527	75	7	41
528	75	8	41
529	471	6	42
530	472	3	42
531	473	5	42
532	496	3	42
533	588	3	42
534	589	3	42
535	680	2	42
536	684	4	42
537	122	3	43
538	304	5	43
539	307	4	43
540	39	5	43
541	40	6	43
542	441	4	43
543	47	5	43
544	484	3	43
545	498	6	43
546	665	5	43
547	680	2	43
548	705	6	43
549	729	5	43
550	729	6	43
551	731	4	43
552	122	3	44
553	29	7	44
554	29	8	44
555	304	5	44
556	307	4	44
557	388	4	44
558	388	7	44
559	389	4	44
560	389	6	44
561	39	5	44
562	441	4	44
563	456	6	44
564	456	7	44
565	484	3	44
566	490	3	44
567	664	6	44
568	665	5	44
569	680	2	44
570	682	3	44
571	705	6	44
572	729	5	44
573	729	6	44
574	731	4	44
575	122	3	45
576	395	4	45
577	395	7	45
578	397	3	45
579	441	4	45
580	45	4	45
581	480	5	45
582	484	3	45
583	48	5	45
584	490	3	45
585	575	6	45
586	657	6	45
587	657	7	45
588	657	9	45
589	680	2	45
590	682	3	45
591	711	4	45
592	711	5	45
593	724	5	45
594	724	7	45
595	730	6	45
596	731	4	45
597	93	5	45
598	93	6	45
599	93	8	45
600	122	3	46
601	441	4	46
602	563	4	46
603	589	3	46
604	680	2	46
605	694	4	46
606	694	5	46
607	122	3	47
608	441	4	47
609	45	4	47
610	480	5	47
611	484	3	47
612	48	5	47
613	568	4	47
614	644	3	47
615	680	2	47
616	720	5	47
617	720	6	47
618	727	4	47
619	727	5	47
620	730	6	47
621	731	4	47
622	122	3	48
623	155	5	48
624	155	6	48
625	376	4	48
626	376	5	48
627	401	3	48
628	441	4	48
629	476	3	48
630	587	4	48
631	615	3	48
632	680	2	48
633	726	5	48
634	728	4	48
635	728	6	48
636	122	3	49
637	441	4	49
638	589	3	49
639	680	2	49
640	694	4	49
641	694	5	49
642	122	3	50
643	397	3	50
644	441	4	50
645	680	2	50
646	711	4	50
647	711	5	50
648	379	2	51
649	53	5	51
650	585	4	51
651	586	3	51
652	99	6	51
653	122	3	52
654	375	4	52
655	680	2	52
656	122	3	53
657	304	5	53
658	307	4	53
659	389	4	53
660	389	6	53
661	39	5	53
662	433	3	53
663	441	4	53
664	484	3	53
665	680	2	53
666	682	3	53
667	705	6	53
668	714	5	53
669	714	6	53
670	715	4	53
671	715	5	53
672	731	4	53
673	461	3	54
674	680	2	54
675	82	4	54
676	127	7	55
677	235	6	55
678	458	5	55
679	481	4	55
680	644	3	55
681	680	2	55
682	379	2	56
683	574	5	56
684	585	4	56
685	586	3	56
686	122	3	57
687	304	5	57
688	307	4	57
689	320	4	57
690	321	3	57
691	354	4	57
692	354	5	57
693	39	5	57
694	40	6	57
695	441	4	57
696	47	5	57
697	484	3	57
698	498	6	57
699	665	5	57
700	680	2	57
701	705	6	57
702	729	5	57
703	729	6	57
704	731	4	57
705	122	3	58
706	441	4	58
707	45	4	58
708	480	5	58
709	484	3	58
710	48	5	58
711	568	4	58
712	569	4	58
713	569	5	58
714	569	6	58
715	644	3	58
716	680	2	58
717	682	3	58
718	720	5	58
719	720	6	58
720	721	5	58
721	721	6	58
722	721	7	58
723	727	4	58
724	727	5	58
725	730	6	58
726	731	4	58
727	122	3	59
728	441	4	59
729	680	2	59
730	722	6	59
731	748	5	59
732	750	5	59
733	122	3	60
734	395	4	60
735	395	7	60
736	397	3	60
737	441	4	60
738	45	4	60
739	480	5	60
740	484	3	60
741	48	5	60
742	575	6	60
743	657	6	60
744	657	7	60
745	657	9	60
746	680	2	60
747	682	3	60
748	711	4	60
749	711	5	60
750	724	5	60
751	724	7	60
752	730	6	60
753	731	4	60
754	93	5	60
755	93	6	60
756	93	8	60
757	122	3	61
758	16	5	61
759	16	6	61
760	320	4	61
761	321	3	61
762	354	4	61
763	354	5	61
764	441	4	61
765	45	4	61
766	480	5	61
767	484	3	61
768	48	5	61
769	680	2	61
770	730	6	61
771	731	4	61
772	122	3	62
773	375	4	62
774	680	2	62
775	122	3	63
776	379	2	63
777	53	5	63
778	56	6	63
779	574	5	63
780	585	4	63
781	586	3	63
782	680	2	63
784	122	3	65
785	433	3	65
786	441	4	65
787	494	4	65
788	680	2	65
789	715	4	65
790	715	5	65
791	716	5	65
792	716	6	65
793	717	5	65
794	717	6	65
795	717	7	65
796	732	6	65
797	732	7	65
798	733	6	65
799	733	7	65
800	733	8	65
801	122	3	66
802	441	4	66
803	589	3	66
804	680	2	66
805	694	4	66
806	694	5	66
807	748	5	66
808	122	3	67
809	304	5	67
810	307	4	67
811	389	4	67
812	389	6	67
813	39	5	67
814	433	3	67
815	441	4	67
816	484	3	67
817	494	4	67
818	680	2	67
819	682	3	67
820	705	6	67
821	714	5	67
822	714	6	67
823	715	4	67
824	715	5	67
825	716	5	67
826	716	6	67
827	717	5	67
828	717	6	67
829	717	7	67
830	731	4	67
831	732	6	67
832	732	7	67
833	733	6	67
834	733	7	67
835	733	8	67
836	468	3	68
837	680	2	68
838	122	3	69
839	29	7	69
840	29	8	69
841	304	5	69
842	307	4	69
843	388	4	69
844	388	7	69
845	389	4	69
846	389	6	69
847	39	5	69
848	441	4	69
849	456	6	69
850	456	7	69
851	484	3	69
852	490	3	69
853	664	6	69
854	665	5	69
855	680	2	69
856	682	3	69
857	705	6	69
858	729	5	69
859	729	6	69
860	731	4	69
861	122	3	70
862	21	4	70
863	22	5	70
864	26	6	70
865	441	4	70
866	468	3	70
867	632	3	70
868	680	2	70
869	122	3	71
870	395	4	71
871	395	7	71
872	397	3	71
873	441	4	71
874	45	4	71
875	480	5	71
876	484	3	71
877	48	5	71
878	490	3	71
879	575	6	71
880	680	2	71
881	682	3	71
882	711	4	71
883	711	5	71
884	724	5	71
885	724	7	71
886	730	6	71
887	731	4	71
888	93	5	71
889	93	6	71
890	93	8	71
891	122	3	72
892	296	4	72
893	296	5	72
894	441	4	72
895	457	4	72
896	472	3	72
897	644	3	72
898	662	4	72
899	662	5	72
900	680	2	72
901	727	4	72
902	727	5	72
903	122	3	73
904	304	5	73
905	307	4	73
906	389	4	73
907	389	6	73
908	39	5	73
909	433	3	73
910	441	4	73
911	484	3	73
912	567	4	73
913	567	5	73
914	567	7	73
915	680	2	73
916	682	3	73
917	705	6	73
918	714	5	73
919	714	6	73
920	715	4	73
921	715	5	73
922	731	4	73
923	75	5	73
924	75	6	73
925	75	7	73
926	75	8	73
927	122	3	74
928	397	3	74
929	441	4	74
930	45	4	74
931	455	4	74
932	480	5	74
933	484	3	74
934	48	5	74
935	496	3	74
936	678	4	74
937	680	2	74
938	703	5	74
939	703	6	74
940	711	4	74
941	711	5	74
942	730	6	74
943	731	4	74
944	122	3	75
945	433	3	75
946	441	4	75
947	459	3	75
948	490	3	75
949	658	5	75
950	673	4	75
951	680	2	75
952	715	4	75
953	715	5	75
954	716	5	75
955	716	6	75
956	732	6	75
957	732	7	75
958	122	3	76
959	194	4	76
960	21	4	76
961	22	5	76
962	26	6	76
963	632	3	76
964	680	2	76
965	122	3	77
966	21	4	77
967	22	5	77
968	26	6	77
969	468	3	77
970	490	3	77
971	632	3	77
972	680	2	77
973	122	3	78
974	194	4	78
975	441	4	78
976	680	2	78
977	122	3	79
978	441	4	79
979	45	4	79
980	480	5	79
981	484	3	79
982	48	5	79
983	568	4	79
984	569	4	79
985	569	5	79
986	569	6	79
987	644	3	79
988	680	2	79
989	682	3	79
990	720	5	79
991	720	6	79
992	721	5	79
993	721	6	79
994	721	7	79
995	727	4	79
996	727	5	79
997	730	6	79
998	731	4	79
999	122	3	80
1000	304	5	80
1001	307	4	80
1002	389	4	80
1003	389	6	80
1004	39	5	80
1005	433	3	80
1006	441	4	80
1007	484	3	80
1008	494	4	80
1009	680	2	80
1010	682	3	80
1011	705	6	80
1012	714	5	80
1013	714	6	80
1014	715	4	80
1015	715	5	80
1016	716	5	80
1017	716	6	80
1018	717	5	80
1019	717	6	80
1020	717	7	80
1021	731	4	80
1022	307	4	81
1023	389	4	81
1024	389	6	81
1025	39	5	81
1026	433	3	81
1027	484	3	81
1028	494	4	81
1029	680	2	81
1030	682	3	81
1032	122	3	83
1033	441	4	83
1034	45	4	83
1035	480	5	83
1036	484	3	83
1037	48	5	83
1038	568	4	83
1039	569	4	83
1040	569	5	83
1041	569	6	83
1042	644	3	83
1043	680	2	83
1044	682	3	83
1045	720	5	83
1046	720	6	83
1047	721	5	83
1048	721	6	83
1049	721	7	83
1050	727	4	83
1051	727	5	83
1052	730	6	83
1053	731	4	83
1054	122	3	84
1055	304	5	84
1056	307	4	84
1057	389	4	84
1058	389	6	84
1059	39	5	84
1060	433	3	84
1061	441	4	84
1062	484	3	84
1063	567	4	84
1064	567	5	84
1065	567	7	84
1066	680	2	84
1067	682	3	84
1068	705	6	84
1069	714	5	84
1070	714	6	84
1071	715	4	84
1072	715	5	84
1073	731	4	84
1074	75	5	84
1075	75	6	84
1076	75	7	84
1077	75	8	84
1078	122	3	85
1079	401	3	85
1080	441	4	85
1081	469	4	85
1082	469	5	85
1083	472	3	85
1084	473	5	85
1085	476	3	85
1086	680	2	85
1087	684	4	85
1088	709	5	85
1089	709	6	85
1090	709	7	85
1091	718	4	85
1092	718	5	85
1093	726	5	85
1094	728	4	85
1095	728	6	85
1096	122	3	86
1097	379	2	86
1098	53	5	86
1099	585	4	86
1100	586	3	86
1101	680	2	86
1102	99	6	86
1103	122	3	87
1104	194	4	87
1105	441	4	87
1106	680	2	87
1107	122	3	88
1108	401	3	88
1109	441	4	88
1110	469	4	88
1111	469	5	88
1112	472	3	88
1113	680	2	88
1114	684	4	88
1115	709	5	88
1116	709	6	88
1117	709	7	88
1118	718	4	88
1119	718	5	88
1120	726	5	88
1121	728	4	88
1122	728	6	88
1123	122	3	89
1124	395	4	89
1125	395	7	89
1126	397	3	89
1127	441	4	89
1128	45	4	89
1129	480	5	89
1130	484	3	89
1131	48	5	89
1132	490	3	89
1133	575	6	89
1134	657	6	89
1135	657	7	89
1136	657	9	89
1137	680	2	89
1138	682	3	89
1139	711	4	89
1140	711	5	89
1141	724	5	89
1142	724	7	89
1143	730	6	89
1144	731	4	89
1145	93	5	89
1146	93	6	89
1147	93	8	89
1148	122	3	90
1149	270	5	90
1150	270	6	90
1151	270	7	90
1152	270	8	90
1153	328	5	90
1154	375	4	90
1155	401	3	90
1156	408	4	90
1157	441	4	90
1158	469	4	90
1159	469	5	90
1160	472	3	90
1161	490	3	90
1162	680	2	90
1163	684	4	90
1164	709	5	90
1165	709	6	90
1166	709	7	90
1167	718	4	90
1168	718	5	90
1169	726	5	90
1170	728	4	90
1171	728	6	90
1172	122	3	91
1173	680	2	91
1174	122	3	92
1175	441	4	92
1176	680	2	92
1177	726	5	92
1178	122	3	93
1179	29	7	93
1180	29	8	93
1181	304	5	93
1182	307	4	93
1183	389	4	93
1184	389	6	93
1185	39	5	93
1186	441	4	93
1187	456	6	93
1188	456	7	93
1189	484	3	93
1190	664	6	93
1191	665	5	93
1192	680	2	93
1193	682	3	93
1194	705	6	93
1195	729	5	93
1196	729	6	93
1197	731	4	93
1198	379	2	94
1199	53	5	94
1200	585	4	94
1201	586	3	94
1202	99	6	94
1203	122	3	95
1204	441	4	95
1205	465	3	95
1206	472	3	95
1207	473	5	95
1208	499	4	95
1209	499	6	95
1210	581	4	95
1211	670	4	95
1212	670	5	95
1213	680	2	95
1214	684	4	95
1215	718	4	95
1216	718	5	95
1217	122	3	96
1218	680	2	96
1219	122	3	97
1220	304	5	97
1221	307	4	97
1222	320	4	97
1223	321	3	97
1224	354	4	97
1225	354	5	97
1226	389	4	97
1227	389	6	97
1228	39	5	97
1229	433	3	97
1230	441	4	97
1231	484	3	97
1232	494	4	97
1233	680	2	97
1234	682	3	97
1235	705	6	97
1236	714	5	97
1237	714	6	97
1238	715	4	97
1239	715	5	97
1240	716	5	97
1241	716	6	97
1242	717	5	97
1243	717	6	97
1244	717	7	97
1245	731	4	97
1246	122	3	98
1247	194	4	98
1248	21	4	98
1249	22	5	98
1250	26	6	98
1251	632	3	98
1252	680	2	98
1253	186	6	99
1254	186	7	99
1255	401	3	99
1256	469	4	99
1257	469	5	99
1258	472	3	99
1259	615	3	99
1260	649	4	99
1261	680	2	99
1262	684	4	99
1263	83	5	99
1264	83	6	99
1265	122	3	100
1266	379	2	100
1267	53	5	100
1268	585	4	100
1269	586	3	100
1270	680	2	100
1271	99	6	100
1272	122	3	101
1273	441	4	101
1274	644	3	101
1275	680	2	101
1276	727	4	101
1277	727	5	101
1278	122	3	102
1279	379	2	102
1280	53	5	102
1281	585	4	102
1282	586	3	102
1283	680	2	102
1284	99	6	102
1285	122	3	103
1286	304	5	103
1287	307	4	103
1288	389	4	103
1289	389	6	103
1290	39	5	103
1291	433	3	103
1292	441	4	103
1293	484	3	103
1294	494	4	103
1295	680	2	103
1296	682	3	103
1297	705	6	103
1298	714	5	103
1299	714	6	103
1300	715	4	103
1301	715	5	103
1302	716	5	103
1303	716	6	103
1304	717	5	103
1305	717	6	103
1306	717	7	103
1307	731	4	103
1308	732	6	103
1309	732	7	103
1310	733	6	103
1311	733	7	103
1312	733	8	103
1313	122	3	104
1314	16	5	104
1315	16	6	104
1316	320	4	104
1317	321	3	104
1318	354	4	104
1319	354	5	104
1320	441	4	104
1321	45	4	104
1322	480	5	104
1323	484	3	104
1324	48	5	104
1325	568	4	104
1326	569	4	104
1327	569	5	104
1328	569	6	104
1329	644	3	104
1330	680	2	104
1331	682	3	104
1332	720	5	104
1333	720	6	104
1334	721	5	104
1335	721	6	104
1336	721	7	104
1337	727	4	104
1338	727	5	104
1339	730	6	104
1340	731	4	104
1341	122	3	105
1342	375	4	105
1343	680	2	105
1344	122	3	106
1345	375	4	106
1346	577	4	106
1347	578	3	106
1348	680	2	106
1349	122	3	107
1350	304	5	107
1351	307	4	107
1352	320	4	107
1353	321	3	107
1354	354	4	107
1355	354	5	107
1356	379	2	107
1357	389	4	107
1358	389	6	107
1359	39	5	107
1360	433	3	107
1361	441	4	107
1362	484	3	107
1363	53	5	107
1364	567	4	107
1365	567	5	107
1366	567	7	107
1367	585	4	107
1368	586	3	107
1369	680	2	107
1370	682	3	107
1371	705	6	107
1372	714	5	107
1373	714	6	107
1374	715	4	107
1375	715	5	107
1376	731	4	107
1377	75	5	107
1378	75	6	107
1379	75	7	107
1380	75	8	107
1381	99	6	107
1382	122	3	108
1383	406	4	108
1384	441	4	108
1385	45	4	108
1386	480	5	108
1387	484	3	108
1388	48	5	108
1389	568	4	108
1390	569	4	108
1391	569	5	108
1392	569	6	108
1393	644	3	108
1394	680	2	108
1395	682	3	108
1396	720	5	108
1397	720	6	108
1398	721	5	108
1399	721	6	108
1400	721	7	108
1401	727	4	108
1402	727	5	108
1403	730	6	108
1404	731	4	108
1405	122	3	109
1406	304	5	109
1407	307	4	109
1408	39	5	109
1409	397	3	109
1410	40	6	109
1411	433	3	109
1412	441	4	109
1413	455	4	109
1414	47	5	109
1415	484	3	109
1416	494	4	109
1417	496	3	109
1418	678	4	109
1419	680	2	109
1420	703	5	109
1421	703	6	109
1422	705	6	109
1423	711	4	109
1424	711	5	109
1425	715	4	109
1426	715	5	109
1427	716	5	109
1428	716	6	109
1429	717	5	109
1430	717	6	109
1431	717	7	109
1432	731	4	109
1433	162	4	110
1434	45	4	110
1435	480	5	110
1436	484	3	110
1437	568	4	110
1438	588	3	110
1439	644	3	110
1440	680	2	110
1441	615	3	111
1442	680	2	111
1443	122	3	112
1444	378	3	112
1445	671	4	112
1446	680	2	112
1447	122	3	113
1448	29	7	113
1449	29	8	113
1450	304	5	113
1451	307	4	113
1452	441	4	113
1453	456	6	113
1454	456	7	113
1455	484	3	113
1456	664	6	113
1457	665	5	113
1458	680	2	113
1459	729	5	113
1460	729	6	113
1461	731	4	113
1462	122	3	114
1463	395	4	114
1464	395	7	114
1465	397	3	114
1466	441	4	114
1467	45	4	114
1468	480	5	114
1469	484	3	114
1470	48	5	114
1471	575	6	114
1472	657	6	114
1473	657	7	114
1474	657	9	114
1475	680	2	114
1476	682	3	114
1477	711	4	114
1478	711	5	114
1479	724	5	114
1480	724	7	114
1481	730	6	114
1482	731	4	114
1483	93	5	114
1484	93	6	114
1485	93	8	114
1486	122	3	115
1487	397	3	115
1488	441	4	115
1489	45	4	115
1490	480	5	115
1491	484	3	115
1492	48	5	115
1493	575	6	115
1494	680	2	115
1495	711	4	115
1496	711	5	115
1497	724	5	115
1498	724	7	115
1499	730	6	115
1500	731	4	115
1501	122	3	116
1502	406	4	116
1503	680	2	116
1504	122	3	117
1505	441	4	117
1506	45	4	117
1507	480	5	117
1508	484	3	117
1509	48	5	117
1510	644	3	117
1511	680	2	117
1512	720	5	117
1513	720	6	117
1514	727	4	117
1515	727	5	117
1516	730	6	117
1517	731	4	117
1518	122	3	118
1519	184	8	118
1520	270	5	118
1521	270	6	118
1522	270	7	118
1523	270	8	118
1524	375	4	118
1525	401	3	118
1526	423	5	118
1527	424	6	118
1528	441	4	118
1529	469	4	118
1530	469	5	118
1531	472	3	118
1532	565	7	118
1533	577	4	118
1534	578	3	118
1535	680	2	118
1536	684	4	118
1537	709	5	118
1538	709	6	118
1539	709	7	118
1540	718	4	118
1541	718	5	118
1542	726	5	118
1543	728	4	118
1544	728	6	118
1545	122	3	119
1546	21	4	119
1547	22	5	119
1548	26	6	119
1549	468	3	119
1550	632	3	119
1551	680	2	119
1552	122	3	120
1553	194	4	120
1554	680	2	120
1555	122	3	121
1556	441	4	121
1557	644	3	121
1558	680	2	121
1559	727	4	121
1560	727	5	121
1561	637	2	122
1562	741	3	122
1563	379	2	123
1564	53	5	123
1565	56	6	123
1566	574	5	123
1567	585	4	123
1568	586	3	123
1569	122	3	124
1570	304	5	124
1571	307	4	124
1572	389	4	124
1573	389	6	124
1574	39	5	124
1575	433	3	124
1576	441	4	124
1577	484	3	124
1578	680	2	124
1579	682	3	124
1580	705	6	124
1581	714	5	124
1582	714	6	124
1583	715	4	124
1584	715	5	124
1585	731	4	124
1586	122	3	125
1587	292	4	125
1588	304	5	125
1589	307	4	125
1590	313	5	125
1591	389	4	125
1592	389	6	125
1593	39	5	125
1594	433	3	125
1595	441	4	125
1596	45	4	125
1597	455	4	125
1598	480	5	125
1599	484	3	125
1600	48	5	125
1601	494	4	125
1602	496	3	125
1603	588	3	125
1604	589	3	125
1605	644	3	125
1606	680	2	125
1607	681	5	125
1608	681	6	125
1609	682	3	125
1610	694	4	125
1611	694	5	125
1612	705	6	125
1613	714	5	125
1614	714	6	125
1615	715	4	125
1616	715	5	125
1617	716	5	125
1618	716	6	125
1619	717	5	125
1620	717	6	125
1621	717	7	125
1622	727	4	125
1623	727	5	125
1624	730	6	125
1625	731	4	125
1626	732	6	125
1627	732	7	125
1628	733	6	125
1629	733	7	125
1630	733	8	125
1631	122	3	126
1632	152	6	126
1633	397	3	126
1634	441	4	126
1635	455	4	126
1636	472	3	126
1637	496	3	126
1638	51	5	126
1639	615	3	126
1640	620	5	126
1641	621	6	126
1642	621	7	126
1643	650	4	126
1644	678	4	126
1645	680	2	126
1646	684	4	126
1647	703	5	126
1648	703	6	126
1649	711	4	126
1650	711	5	126
1651	718	4	126
1652	718	5	126
1653	122	3	127
1654	21	4	127
1655	22	5	127
1656	26	6	127
1657	468	3	127
1658	490	3	127
1659	632	3	127
1660	680	2	127
1661	122	3	128
1662	304	5	128
1663	307	4	128
1664	39	5	128
1665	433	3	128
1666	441	4	128
1667	484	3	128
1668	680	2	128
1669	705	6	128
1670	714	5	128
1671	714	6	128
1672	715	4	128
1673	715	5	128
1674	731	4	128
1675	395	4	129
1676	395	7	129
1677	396	5	129
1678	396	8	129
1679	397	3	129
1680	398	4	129
1681	45	4	129
1682	480	5	129
1683	484	3	129
1684	575	6	129
1685	680	2	129
1686	682	3	129
1687	122	3	130
1688	304	5	130
1689	307	4	130
1690	389	4	130
1691	389	6	130
1692	39	5	130
1693	433	3	130
1694	441	4	130
1695	484	3	130
1696	494	4	130
1697	680	2	130
1698	682	3	130
1699	705	6	130
1700	714	5	130
1701	714	6	130
1702	715	4	130
1703	715	5	130
1704	716	5	130
1705	716	6	130
1706	717	5	130
1707	717	6	130
1708	717	7	130
1709	731	4	130
1710	379	2	131
1711	53	5	131
1712	585	4	131
1713	586	3	131
1714	182	7	132
1715	183	6	132
1716	408	4	132
1717	482	8	132
1718	490	3	132
1719	660	5	132
1720	680	2	132
1721	462	5	133
1722	577	4	133
1723	578	3	133
1724	584	6	133
1725	680	2	133
1726	122	3	134
1727	313	5	134
1728	379	2	134
1729	387	4	134
1730	455	4	134
1731	496	3	134
1732	53	5	134
1733	585	4	134
1734	586	3	134
1735	680	2	134
